1 176 358
2 178 403
3 183 448
4 191 492
5 210 533
6 238 571
7 268 604
8 303 633
9 347 640
10 390 629
11 420 596
12 446 559
13 470 523
14 486 482
15 492 439
16 494 395
17 492 351
18 203 346
19 221 324
20 251 322
21 280 329
22 308 340
23 365 335
24 393 320
25 421 313
26 449 317
27 465 337
28 337 370
29 338 403
30 339 436
31 340 469
32 303 475
33 321 483
34 341 491
35 361 482
36 377 473
37 239 373
38 256 362
39 276 363
40 295 378
41 275 379
42 254 379
43 377 375
44 394 359
45 415 356
46 431 366
47 418 372
48 397 374
49 271 514
50 297 510
51 323 511
52 342 515
53 362 510
54 387 508
55 411 509
56 390 546
57 366 562
58 344 565
59 322 564
60 295 549
61 280 517
62 323 521
63 342 523
64 363 519
65 402 513
66 364 540
67 342 543
68 322 541
